310
306
319
317
311
311
322
318
315
313
309
314
315
313
309
316
319
310
317
306
317
315
313
315
313
316
317
317
309
313
316
314
306
315
314
313
312
308
317
318
314
305
296
316
313
317
317
312
315
314
315
317
315
309
311
316
319
312
311
312
314
322
313
310
316
315
315
315
313
318
317
311
311
311
311
315
314
309
313
318
316
313
316
316
315
316
316
316
317
313
316
317
317
314
281
320
316
318
321
311
319
313
315
314
318
315
315
314
320
313
313
312
314
316
314
307
319
315
313
313
311
314
318
307
314
314
310
310
310
317
317
316
309
319
316
316
319
317
312
315
317
316
318
316
316
316
310
314
317
317
306
314
310
315
317
314
313
315
314
312
318
318
307
314
314
312
315
316
311
312
314
319
312
315
312
312
315
315
314
316
317
317
316
315
317
317
313
316
315
297
316
318
317
314
317
314
312
313
312
313
317
313
314
317
297
313
311
315
315
313
306
314
317
309
314
314
314
318
316
313
318
309
314
311
307
318
312
315
314
311
312
314
304
315
317
313
311
315
311
316
303
314
313
317
315
315
315
318
315
315
320
310
308
312
318
316
319
314
317
320
313
317
314
312
321
308
310
312
315
316
317
319
319
316
316
303
318
311
316
313
316
314
318
315
311
309
308
311
311
316
314
318
313
316
312
314
315
316
312
314
310
315
303
311
316
319
312
310
316
318
307
320
318
315
318
319
309
316
313
314
315
256
311
316
314
310
310
312
316
312
313
317
317
315
312
319
316
316
315
311
310
321
318
319
315
316
311
317
318
311
316
314
314
314
311
312
319
319
321
314
304
318
316
317
316
304
312
315
317
318
310
317
309
313
311
296
318
312
321
318
314
318
316
309
319
316
316
312
288
319
308
316
314
300
315
316
318
318
314
316
314
310
316
259
317
310
313
315
320
314
314
316
318
314
310
314
320
317
312
312
312
313
318
301
312
317
316
312
315
311
314
318
313
318
318
314
310
314
314
317
317
315
318
318
316
314
309
316
316
314
314
312
311
313
316
315
318
315
312
318
315
317
314
317
316
311
316
316
313
315
317
311
318
317
318
314
310
315
304
311
311
310
311
308
318
312
318
317
311
316
305
314
319
315
311
311
309
315
313
310
