306
296
300
306
308
304
309
300
298
298
300
307
311
300
308
314
310
294
294
302
302
300
318
294
314
302
299
305
294
312
310
308
304
308
306
310
310
308
296
294
310
291
302
290
304
312
308
300
302
308
298
299
308
304
292
308
300
302
312
301
312
306
303
304
308
312
302
308
305
308
308
303
310
316
304
296
302
298
308
308
308
312
298
305
286
314
312
304
302
308
311
302
309
297
310
298
301
300
312
304
296
310
310
308
311
300
304
310
314
312
297
304
306
310
306
305
308
308
306
305
302
306
302
291
294
313
306
314
306
304
314
300
304
300
312
310
300
302
307
302
308
296
316
306
308
296
296
304
304
308
306
296
316
304
310
300
310
301
302
308
288
296
307
306
300
312
306
307
304
304
300
312
305
309
306
312
302
314
301
300
305
304
307
308
310
300
291
298
300
306
307
308
294
306
307
316
308
302
296
298
300
308
308
293
306
294
302
299
316
306
306
306
301
300
299
316
309
306
304
304
300
308
300
297
300
304
307
299
303
303
310
295
312
301
306
308
304
298
294
302
298
300
308
297
303
304
306
304
304
314
289
298
310
291
314
297
302
306
306
300
308
310
300
318
304
308
290
310
308
298
300
302
302
304
308
300
300
299
316
304
308
292
298
304
303
310
308
300
306
300
308
310
300
306
316
302
296
304
293
303
300
300
298
294
312
304
305
308
304
314
296
296
303
312
300
307
299
310
306
300
302
312
303
308
312
312
308
298
290
306
294
310
306
301
300
302
302
292
308
292
301
296
314
299
302
296
302
312
300
309
294
294
303
308
290
306
304
299
290
290
310
304
310
304
298
302
314
308
306
300
309
302
316
296
295
306
312
310
304
308
310
308
306
306
302
312
302
304
308
306
293
291
302
312
312
304
308
303
310
300
292
301
314
296
309
314
312
303
310
306
306
314
312
303
290
310
304
310
310
304
300
310
296
296
294
307
308
302
292
310
309
308
306
310
302
295
310
298
305
310
304
306
310
295
309
306
311
296
296
304
300
302
316
298
304
308
306
304
299
285
298
316
306
294
308
298
298
312
317
302
300
307
308
304
300
304
303
314
304
286
298
300
295
306
314
300
310
308
310
310
310
306
306
296
298
308
304
304
299
302
