315
309
312
315
316
314
316
312
311
311
311
315
317
312
316
319
317
308
309
313
313
312
321
309
319
313
311
314
308
318
317
316
314
316
315
317
317
316
310
309
317
307
313
307
314
318
316
312
312
316
311
311
316
314
308
316
312
313
318
312
318
315
313
314
316
318
313
316
314
316
316
313
317
320
314
309
313
311
316
316
316
318
311
314
305
319
318
314
313
316
317
313
316
310
317
311
312
312
318
314
310
317
317
316
317
312
314
317
319
318
310
314
315
317
315
313
316
316
315
314
313
315
313
307
308
318
315
319
315
314
319
312
314
312
318
317
312
313
315
313
316
310
320
315
316
310
310
314
314
316
315
310
320
314
317
312
317
312
313
316
306
310
315
315
312
318
315
315
314
314
312
318
314
316
315
318
313
319
312
312
314
314
315
316
317
312
307
311
312
315
315
316
309
315
315
320
316
313
310
311
312
316
316
308
315
309
313
311
320
315
315
315
312
312
311
320
316
315
314
314
312
316
312
310
312
314
315
311
313
313
317
309
318
312
315
316
314
311
308
313
311
312
316
310
313
314
315
314
314
319
306
311
317
307
319
310
313
315
315
312
316
317
312
321
314
316
307
317
316
311
312
313
313
314
316
312
312
311
320
314
316
308
311
314
313
317
316
312
315
312
316
317
312
315
320
313
310
314
308
313
312
312
311
309
318
314
314
316
314
319
310
310
313
318
312
315
311
317
315
312
313
318
313
316
318
318
316
311
307
315
309
317
315
312
312
313
313
308
316
308
312
310
319
311
313
310
313
318
312
316
309
309
313
316
307
315
314
311
307
307
317
314
317
314
311
313
319
316
315
312
316
313
320
310
309
315
318
317
314
316
317
316
315
315
313
318
313
314
316
315
308
307
313
318
318
314
316
312
317
312
307
311
319
310
316
319
318
313
317
315
315
319
318
313
307
317
314
317
317
314
312
317
310
310
309
315
316
313
308
317
316
316
315
317
313
309
317
311
314
317
314
315
317
308
316
315
317
310
309
314
312
313
320
311
314
316
315
314
311
304
311
320
315
309
316
311
311
318
320
313
312
315
316
314
312
314
313
319
314
305
311
312
309
315
319
312
317
316
317
317
317
315
315
310
311
316
314
314
311
313
