296
289
314
310
298
298
320
312
306
302
294
304
306
302
294
308
314
296
310
289
310
306
302
306
302
308
310
310
294
302
309
304
289
306
304
304
300
292
310
312
304
286
269
308
302
310
310
301
307
304
306
310
307
294
298
308
315
300
298
300
304
320
302
296
308
306
306
306
302
312
310
300
298
298
298
306
304
297
302
312
308
302
308
308
306
308
308
308
310
302
308
310
310
305
256
316
308
313
318
301
314
302
306
304
312
306
306
305
316
303
302
302
304
308
304
291
315
306
302
302
298
304
312
292
304
304
297
298
298
310
310
308
294
314
308
308
315
310
300
306
310
308
312
308
308
308
296
304
310
310
289
304
297
306
310
305
303
306
304
300
312
312
290
304
304
300
307
308
298
303
304
314
300
306
302
302
306
306
304
308
310
310
308
306
310
310
302
309
306
270
308
312
311
304
310
304
300
303
300
302
310
302
304
310
270
302
298
306
306
302
288
304
310
294
304
304
304
312
308
302
312
296
304
301
290
312
301
306
304
299
300
304
284
306
310
302
298
307
299
309
282
304
304
310
306
306
306
312
306
306
316
296
292
300
312
308
314
304
311
316
302
310
304
301
318
292
296
300
307
309
310
314
314
308
308
284
312
298
308
302
308
305
312
306
299
294
292
299
300
308
304
312
302
308
300
304
306
308
301
304
296
307
282
298
308
314
300
296
308
312
292
316
312
306
312
314
294
309
302
304
306
215
298
308
304
296
296
301
308
302
303
310
310
306
300
314
308
309
306
298
297
318
312
314
306
308
298
310
312
298
308
304
304
305
299
301
314
314
318
304
290
312
309
310
308
285
300
306
310
312
297
310
294
303
298
269
312
300
318
312
304
312
308
294
314
308
308
303
258
314
292
308
304
283
306
308
312
312
304
308
304
296
309
221
310
297
302
306
316
304
305
308
312
304
296
305
316
310
302
300
300
302
312
278
300
310
308
301
306
298
304
312
302
312
312
304
296
305
304
311
310
306
313
312
308
304
294
308
308
305
304
300
299
302
309
307
312
306
301
312
306
310
305
310
308
298
308
308
303
307
310
298
312
310
312
304
296
306
287
298
298
297
298
293
312
300
312
310
298
308
289
304
314
306
298
298
294
306
303
298
