767
766
766
768
766
767
768
767
766
764
767
768
767
767
764
767
765
763
765
765
763
768
767
767
766
766
766
766
764
760
767
766
766
767
766
766
767
768
767
765
766
767
767
766
767
767
767
765
767
768
768
767
767
768
767
765
761
762
766
768
766
768
767
766
768
762
768
765
765
763
767
767
765
765
768
766
767
765
766
766
767
766
767
768
768
767
767
768
762
767
766
768
767
764
767
767
767
766
768
765
765
765
768
764
768
766
766
767
766
768
765
764
765
764
766
766
765
766
765
767
765
768
768
767
768
768
764
765
767
766
768
766
767
766
767
766
768
767
761
765
767
767
765
766
767
765
768
768
767
766
767
765
767
768
768
765
764
767
764
767
767
766
765
767
768
766
766
768
768
766
767
766
767
767
767
768
767
767
765
766
767
766
765
767
767
764
767
768
766
767
767
767
766
767
768
767
768
767
765
767
763
764
762
761
766
765
767
766
767
760
763
766
766
766
768
766
764
765
767
767
766
766
767
766
768
767
768
766
768
765
768
766
765
767
765
768
768
761
766
766
765
766
764
764
766
764
766
765
767
767
768
767
767
768
768
763
768
768
767
767
765
768
765
765
767
764
768
768
767
757
768
768
764
765
767
767
767
767
764
765
763
767
766
767
767
767
767
767
766
767
768
765
767
768
764
766
767
767
764
768
766
766
766
767
767
767
767
766
766
763
767
763
766
766
766
763
766
768
768
767
765
766
765
768
766
767
766
766
768
767
767
768
767
764
766
763
766
768
767
766
765
767
767
767
766
767
764
765
766
765
764
766
767
766
768
767
767
768
768
766
764
767
767
766
766
766
759
763
767
763
768
767
765
764
768
767
767
765
767
765
763
768
766
766
767
766
766
768
765
768
766
767
767
766
767
768
765
767
766
767
766
768
765
765
765
767
764
765
768
766
765
767
767
765
766
765
765
767
766
764
765
764
765
767
767
766
768
766
768
767
766
766
766
766
764
767
768
768
763
763
767
767
763
767
764
766
767
766
767
768
768
767
766
766
765
765
766
768
763
767
764
765
765
766
765
767
764
765
767
768
765
764
766
766
767
767
765
768
768
767
767
767
767
766
766
764
764
763
767
768
767
768
767
762
761
768
766
764
766
767
