766
764
764
768
764
766
768
766
764
760
766
768
766
766
760
766
762
758
762
762
758
768
766
766
764
764
764
764
760
752
766
764
764
766
764
764
766
768
766
762
764
766
766
764
766
766
766
762
766
768
768
766
766
768
766
762
754
756
764
768
764
768
766
764
768
756
768
762
762
758
766
766
762
762
768
764
766
762
764
764
766
764
766
768
768
766
766
768
756
766
764
768
766
760
766
766
766
764
768
762
762
762
768
760
768
764
764
766
764
768
762
760
762
760
764
764
762
764
762
766
762
768
768
766
768
768
760
762
766
764
768
764
766
764
766
764
768
766
755
762
766
766
762
764
766
762
768
768
766
764
766
762
766
768
768
762
760
766
760
766
766
764
762
766
768
764
764
768
768
764
766
764
766
766
766
768
766
766
762
764
766
764
762
766
766
760
766
768
764
766
766
766
764
766
768
766
768
766
762
766
758
760
756
754
764
762
766
764
766
752
758
764
764
764
768
764
760
762
766
766
764
764
766
764
768
766
768
764
768
762
768
764
762
766
762
768
768
754
764
764
762
764
760
760
764
760
764
762
766
766
768
766
766
768
768
758
768
768
766
766
762
768
762
762
766
760
768
768
766
746
768
768
760
762
766
766
766
766
760
762
758
766
764
766
766
766
766
766
764
766
768
762
766
768
760
764
766
766
760
768
764
764
764
766
766
766
766
764
764
758
766
758
764
764
764
758
764
768
768
766
762
764
762
768
764
766
764
764
768
766
766
768
766
760
764
758
764
768
766
764
762
766
766
766
764
766
760
762
764
762
760
764
766
764
768
766
766
768
768
764
760
766
766
764
764
764
750
758
766
758
768
766
762
760
768
766
766
762
766
762
758
768
764
764
766
764
764
768
762
768
764
766
766
764
766
768
762
766
764
766
764
768
762
762
762
766
760
762
768
764
762
766
766
762
764
762
762
766
764
760
762
760
762
766
766
764
768
764
768
766
764
764
764
764
760
766
768
768
758
758
766
766
758
766
760
764
766
764
766
768
768
766
764
764
762
762
764
768
758
766
760
762
762
764
762
766
760
762
766
768
762
760
764
764
766
766
762
768
768
766
766
766
766
764
764
760
761
758
766
768
766
768
766
756
754
768
764
760
764
766
