968
972
970
972
971
966
969
970
972
972
972
971
971
972
972
971
972
971
972
971
971
972
972
972
970
970
971
972
972
971
971
972
972
971
971
971
971
971
972
970
971
972
972
972
971
970
972
972
969
971
972
972
972
972
972
971
969
971
969
971
970
969
971
970
971
971
971
971
972
943
972
970
972
970
971
972
972
970
972
972
972
972
970
971
971
969
970
971
971
972
971
970
967
971
971
970
971
971
971
971
969
972
971
972
971
971
968
972
972
972
969
968
970
971
971
971
972
970
972
969
970
971
972
971
972
969
971
972
972
970
972
971
971
970
970
972
972
971
970
972
972
972
972
971
969
969
972
970
972
972
970
972
965
971
971
971
971
971
972
970
970
971
970
972
972
971
972
970
970
971
971
972
972
970
970
972
972
971
972
972
970
972
969
970
972
972
971
971
971
970
969
972
970
971
971
971
972
972
971
971
972
972
972
971
971
971
953
971
971
970
972
969
971
971
972
972
971
970
970
971
971
972
972
972
968
972
971
972
971
971
971
970
972
972
971
972
972
971
969
971
972
972
972
971
971
970
970
972
972
970
971
971
970
971
971
972
971
971
971
971
972
972
970
972
971
972
972
972
970
972
972
971
972
971
969
972
971
971
969
971
970
972
972
972
972
972
972
971
970
971
966
971
968
971
971
971
971
972
972
972
971
971
972
972
972
970
972
972
972
969
972
972
970
972
971
969
971
971
972
971
971
970
971
971
970
972
971
971
971
971
971
972
972
972
971
970
970
970
969
972
970
972
972
972
972
969
972
971
972
971
972
971
969
970
969
972
968
970
970
972
972
971
972
970
972
971
972
966
972
971
971
971
971
971
972
970
972
972
970
972
971
970
972
972
972
967
971
971
972
971
972
971
971
970
971
969
971
971
972
971
972
972
970
970
969
971
970
971
972
970
970
972
971
970
971
972
971
970
971
971
971
971
971
971
971
970
972
972
972
969
972
972
970
967
972
968
969
972
972
968
972
968
972
972
971
972
971
971
972
970
972
971
971
970
970
972
971
971
970
971
972
972
969
970
971
965
972
972
971
972
972
971
971
972
971
971
971
972
972
971
971
970
971
972
972
971
971
971
970
970
972
972
970
972
971
972
972
972
970
971
