964
972
968
972
970
960
966
968
972
972
972
970
970
972
972
970
972
970
972
970
970
972
972
972
968
968
970
972
972
970
970
972
972
970
970
970
970
970
972
968
970
972
972
972
970
968
972
972
966
970
972
972
972
972
972
970
966
970
966
970
968
966
970
968
970
970
970
970
972
914
972
968
972
968
970
972
972
968
972
972
972
972
968
970
970
966
968
970
970
972
970
968
962
970
970
968
970
970
970
970
966
972
970
972
970
970
964
972
972
972
966
964
968
970
970
970
972
968
972
966
968
970
972
970
972
966
970
972
972
968
972
970
970
968
968
972
972
970
968
972
972
972
972
970
966
966
972
968
972
972
968
972
958
970
970
970
970
970
972
968
968
970
968
972
972
970
972
968
968
970
970
972
972
968
968
972
972
970
972
972
968
972
966
968
972
972
970
970
970
968
966
972
968
970
970
970
972
972
970
970
972
972
972
970
970
970
934
970
970
968
972
966
970
970
972
972
970
968
968
970
970
972
972
972
964
972
970
972
970
970
970
968
972
972
970
972
972
970
966
970
972
972
972
970
970
968
968
972
972
968
970
970
968
970
970
972
970
970
970
970
972
972
968
972
970
972
972
972
968
972
972
970
972
970
966
972
970
970
966
970
968
972
972
972
972
972
972
970
968
970
960
970
964
970
970
970
970
972
972
972
970
970
972
972
972
968
972
972
972
966
972
972
968
972
970
966
970
970
972
970
970
968
970
970
968
972
970
970
970
970
970
972
972
972
970
968
968
968
966
972
968
972
972
972
972
966
972
970
972
970
972
970
966
968
966
972
964
968
968
972
972
970
972
968
972
970
972
960
972
970
970
970
970
970
972
968
972
972
968
972
970
968
972
972
972
962
970
970
972
970
972
970
970
968
970
966
970
970
972
970
972
972
968
968
966
970
968
970
972
968
968
972
970
968
970
972
970
968
970
970
970
970
970
970
970
968
972
972
972
966
972
972
968
962
972
964
966
972
972
964
972
964
972
972
970
972
970
970
972
968
972
970
970
968
968
972
970
970
968
970
972
972
966
968
970
958
972
972
970
972
972
970
970
972
970
970
970
972
972
970
970
968
970
972
972
970
970
970
968
968
972
972
968
972
970
972
972
972
968
970
