1530
1535
1531
1536
1535
1532
1535
1534
1534
1534
1533
1533
1534
1536
1535
1532
1530
1535
1535
1532
1535
1534
1533
1536
1535
1533
1533
1534
1534
1535
1535
1535
1533
1535
1535
1513
1536
1536
1535
1533
1524
1533
1534
1535
1532
1533
1533
1533
1533
1534
1535
1535
1534
1534
1535
1529
1535
1533
1532
1530
1535
1532
1534
1534
1533
1534
1536
1534
1533
1533
1535
1533
1534
1532
1533
1534
1531
1535
1535
1529
1533
1524
1533
1534
1534
1530
1533
1535
1534
1536
1533
1532
1533
1531
1536
1535
1534
1534
1536
1536
1534
1536
1535
1536
1533
1532
1535
1532
1533
1532
1536
1534
1534
1536
1532
1533
1535
1532
1532
1533
1532
1534
1534
1532
1531
1535
1534
1534
1532
1535
1533
1532
1534
1535
1533
1531
1536
1533
1535
1536
1533
1536
1534
1534
1533
1531
1531
1534
1532
1534
1534
1532
1535
1535
1535
1532
1532
1535
1535
1535
1532
1527
1535
1536
1534
1534
1534
1536
1532
1532
1533
1536
1534
1533
1532
1534
1533
1535
1536
1530
1534
1532
1536
1536
1534
1533
1534
1533
1530
1536
1534
1533
1534
1532
1533
1534
1534
1533
1534
1532
1534
1531
1534
1535
1531
1534
1534
1534
1533
1529
1532
1536
1536
1533
1534
1532
1534
1536
1535
1534
1526
1532
1532
1535
1536
1533
1533
1532
1533
1533
1535
1531
1534
1534
1535
1534
1531
1532
1533
1534
1528
1536
1533
1532
1534
1532
1534
1536
1532
1530
1534
1533
1535
1530
1536
1535
1536
1534
1534
1535
1532
1531
1534
1535
1532
1533
1533
1536
1536
1533
1532
1533
1533
1533
1534
1534
1535
1533
1532
1534
1532
1535
1532
1534
1535
1530
1533
1533
1532
1534
1535
1532
1532
1533
1536
1533
1534
1534
1531
1535
1534
1535
1534
1531
1535
1535
1535
1520
1536
1533
1533
1535
1535
1535
1534
1535
1535
1536
1536
1536
1535
1535
1536
1534
1533
1533
1535
1533
1532
1533
1533
1524
1535
1533
1531
1534
1533
1536
1535
1536
1534
1536
1533
1535
1535
1535
1534
1533
1533
1530
1535
1536
1535
1533
1533
1533
1534
1534
1534
1533
1533
1532
1535
1535
1536
1532
1534
1535
1535
1535
1534
1534
1529
1536
1533
1532
1533
1532
1534
1532
1536
1533
1534
1535
1531
1535
1533
1529
1536
1533
1536
1534
1533
1535
1531
1533
1533
1534
1530
1532
1532
1533
1533
1533
1534
1534
1536
1534
1532
1533
1522
1534
1531
1536
1535
1536
1535
1536
1534
1533
1533
1535
1534
1535
1534
1531
1533
1533
1535
1533
1535
1534
1535
1530
1534
1535
1536
1534
1535
1532
1534
1533
1533
1533
1533
1534
1531
1533
1535
1533
1536
1533
1534
1533
1530
1530
1532
1533
1532
1536
1532
1535
1533
1530
1527
1534
1534
1534
1536
1535
1533
1534
1534
1532
1536
1533
1536
1527
1536
1532
1529
1535
1534
1534
1533
1534
1534
1534
1534
1535
1535
1534
1532
1533
1535
1535
1533
1534
1532
1535
