1524
1534
1526
1536
1534
1528
1534
1532
1532
1532
1530
1530
1532
1536
1534
1528
1524
1534
1534
1528
1534
1532
1530
1536
1534
1530
1530
1532
1532
1534
1534
1534
1530
1534
1534
1490
1536
1536
1534
1530
1512
1530
1532
1534
1528
1530
1530
1530
1530
1532
1534
1534
1532
1532
1534
1522
1534
1530
1528
1524
1534
1528
1532
1532
1530
1532
1536
1532
1530
1530
1534
1530
1532
1528
1530
1532
1526
1534
1534
1523
1530
1512
1530
1532
1532
1524
1530
1534
1532
1536
1530
1528
1530
1526
1536
1534
1532
1532
1536
1536
1532
1536
1534
1536
1530
1528
1534
1528
1530
1528
1536
1532
1532
1536
1528
1530
1534
1528
1528
1530
1528
1532
1532
1528
1526
1534
1532
1532
1528
1534
1530
1528
1532
1534
1530
1526
1536
1530
1534
1536
1530
1536
1532
1532
1530
1526
1526
1532
1528
1532
1532
1528
1534
1534
1534
1528
1528
1534
1534
1534
1528
1518
1534
1536
1532
1532
1532
1536
1528
1528
1530
1536
1532
1530
1528
1532
1530
1534
1536
1524
1532
1528
1536
1536
1532
1530
1532
1530
1524
1536
1532
1530
1532
1528
1530
1532
1532
1530
1532
1528
1532
1526
1532
1534
1526
1532
1532
1532
1530
1522
1528
1536
1536
1530
1532
1528
1532
1536
1534
1532
1516
1528
1528
1534
1536
1530
1530
1528
1530
1530
1534
1526
1532
1532
1534
1532
1526
1528
1530
1532
1520
1536
1530
1528
1532
1528
1532
1536
1528
1524
1532
1530
1534
1524
1536
1534
1536
1532
1532
1534
1528
1526
1532
1534
1528
1530
1530
1536
1536
1530
1528
1530
1530
1530
1532
1532
1534
1530
1528
1532
1528
1534
1528
1532
1534
1524
1530
1530
1528
1532
1534
1528
1528
1530
1536
1530
1532
1532
1526
1534
1532
1534
1532
1526
1534
1534
1534
1504
1536
1530
1530
1534
1534
1534
1532
1534
1534
1536
1536
1536
1534
1534
1536
1532
1530
1530
1534
1530
1528
1530
1530
1512
1534
1530
1526
1532
1530
1536
1534
1536
1532
1536
1530
1534
1534
1534
1532
1530
1530
1524
1534
1536
1534
1530
1530
1530
1532
1532
1532
1530
1530
1528
1534
1534
1536
1528
1532
1534
1534
1534
1532
1532
1522
1536
1530
1528
1530
1528
1532
1528
1536
1530
1532
1534
1526
1534
1530
1522
1536
1530
1536
1532
1530
1534
1526
1530
1530
1532
1524
1528
1528
1530
1530
1530
1532
1532
1536
1532
1528
1530
1508
1532
1526
1536
1534
1536
1534
1536
1532
1530
1530
1534
1532
1534
1532
1526
1530
1530
1534
1530
1534
1532
1534
1524
1532
1534
1536
1532
1534
1528
1532
1530
1530
1530
1530
1532
1526
1530
1534
1530
1536
1530
1532
1530
1524
1524
1528
1530
1528
1536
1528
1534
1530
1524
1518
1532
1532
1532
1536
1534
1530
1532
1532
1528
1536
1530
1536
1518
1536
1528
1522
1534
1532
1532
1530
1532
1532
1532
1532
1534
1534
1532
1528
1530
1534
1534
1530
1532
1528
1534
