1532
1530
1532
1532
1532
1530
1534
1530
1532
1528
1530
1532
1532
1532
1534
1532
1534
1534
1534
1534
1528
1528
1534
1536
1534
1534
1534
1532
1530
1526
1532
1534
1530
1536
1528
1528
1536
1530
1524
1532
1534
1532
1534
1532
1532
1532
1534
1530
1522
1526
1536
1526
1534
1530
1532
1532
1534
1530
1522
1532
1532
1534
1532
1532
1532
1520
1526
1536
1530
1528
1534
1534
1536
1532
1534
1532
1534
1528
1528
1530
1532
1536
1530
1528
1534
1532
1536
1528
1532
1526
1524
1532
1532
1534
1532
1524
1534
1526
1534
1528
1528
1528
1530
1528
1524
1532
1526
1526
1536
1526
1532
1534
1528
1534
1536
1530
1534
1530
1532
1526
1534
1532
1534
1532
1526
1534
1532
1534
1534
1532
1526
1532
1528
1530
1530
1532
1530
1530
1528
1530
1534
1532
1530
1530
1528
1530
1528
1528
1528
1530
1522
1536
1534
1530
1528
1534
1534
1534
1528
1528
1528
1532
1530
1534
1534
1532
1532
1528
1530
1532
1534
1528
1532
1528
1530
1526
1526
1534
1532
1526
1528
1530
1534
1524
1530
1528
1528
1532
1532
1526
1532
1530
1528
1534
1534
1530
1530
1534
1534
1536
1532
1532
1530
1534
1534
1526
1530
1532
1528
1530
1530
1528
1526
1536
1532
1532
1526
1536
1534
1530
1528
1530
1530
1534
1528
1530
1536
1528
1526
1536
1526
1530
1536
1526
1526
1528
1534
1530
1532
1528
1532
1534
1524
1534
1532
1528
1532
1534
1528
1530
1534
1530
1524
1532
1526
1530
1526
1530
1532
1528
1528
1532
1528
1536
1528
1532
1524
1532
1534
1528
1524
1530
1524
1532
1536
1536
1532
1532
1530
1536
1532
1528
1532
1530
1522
1534
1530
1530
1528
1528
1532
1526
1528
1532
1530
1534
1532
1532
1536
1532
1527
1526
1528
1526
1528
1522
1534
1532
1528
1534
1522
1526
1528
1532
1530
1528
1529
1534
1528
1536
1530
1534
1530
1530
1534
1532
1530
1528
1526
1528
1536
1526
1530
1536
1530
1530
1532
1532
1527
1528
1530
1530
1536
1530
1532
1530
1530
1530
1526
1530
1530
1528
1534
1530
1522
1530
1530
1534
1534
1534
1528
1528
1530
1534
1534
1524
1526
1528
1522
1534
1526
1534
1534
1532
1528
1528
1528
1526
1530
1526
1530
1534
1536
1534
1528
1534
1528
1528
1524
1532
1530
1526
1532
1534
1532
1530
1528
1532
1534
1534
1528
1532
1530
1536
1530
1532
1534
1530
1530
1526
1528
1534
1534
1532
1532
1530
1530
1526
1530
1528
1534
1532
1532
1528
1532
1526
1536
1528
1526
1524
1526
1524
1532
1534
1532
1530
1536
1532
1530
1532
1532
1530
1530
1530
1530
1528
1534
1528
1526
1532
1530
1530
1528
1530
1534
1534
1534
1529
1530
1530
1532
1534
1530
1532
1530
1534
1532
1530
1524
1532
1532
1530
1536
1530
1530
1530
1524
1526
1532
1526
1528
1530
1532
1532
1530
1536
1534
1530
1528
1530
1526
1530
1530
1530
1530
1528
1528
1530
1526
1532
