970
971
971
969
969
967
969
971
971
968
972
967
970
968
965
968
968
965
969
960
969
968
969
963
971
967
969
967
969
972
970
969
968
969
969
965
965
963
971
968
971
968
967
969
969
969
967
965
969
970
968
967
965
966
970
968
971
970
971
968
970
968
970
970
972
967
971
969
969
971
971
969
969
970
971
967
969
968
970
969
964
970
965
968
971
965
970
971
969
970
971
968
971
969
969
971
969
970
969
970
968
971
969
972
969
970
968
970
971
969
971
969
970
968
969
965
970
971
968
972
967
970
970
969
969
970
969
969
970
967
970
967
971
970
968
952
969
972
970
971
969
967
968
970
969
968
965
959
968
970
968
967
969
969
969
967
968
967
969
968
970
971
971
969
972
971
972
968
971
967
968
966
969
967
972
967
968
969
967
970
970
969
967
968
969
966
967
971
968
965
971
970
967
968
969
966
971
968
970
967
971
972
967
962
968
966
969
970
969
969
971
969
967
972
971
972
972
971
969
972
971
969
970
968
970
971
967
970
969
969
970
970
969
966
971
970
968
960
971
970
963
966
968
972
967
969
969
969
968
966
949
971
969
966
971
971
967
969
970
962
969
969
970
971
967
971
963
971
970
971
971
971
970
964
970
967
968
971
961
969
965
964
969
970
969
968
966
970
969
971
970
968
972
970
970
968
967
970
967
966
971
969
967
970
969
969
970
959
968
968
972
965
967
968
971
971
971
969
968
969
970
966
967
970
971
971
967
969
970
963
968
970
969
970
970
968
967
969
969
970
970
969
969
968
967
968
961
964
967
967
963
969
952
966
971
968
970
967
967
970
969
970
967
970
969
970
970
969
972
969
972
969
962
968
968
971
970
969
971
969
968
968
970
972
972
971
969
968
970
969
971
969
968
970
971
966
972
968
968
969
971
972
968
970
968
970
970
969
969
971
970
969
971
970
971
967
969
971
962
970
970
968
970
970
969
962
967
968
970
966
969
970
968
971
969
963
972
969
968
970
962
963
963
966
970
969
971
970
972
966
970
968
972
967
965
968
969
970
971
968
964
971
970
966
968
972
966
969
970
969
970
971
969
969
970
968
965
969
971
948
968
972
968
967
969
967
970
970
971
970
971
968
965
968
970
964
971
970
970
970
