966
969
968
969
968
968
967
967
969
968
971
968
971
968
969
970
971
970
964
968
967
968
970
972
965
971
966
969
970
966
970
969
965
971
970
966
969
969
969
968
970
969
971
971
967
970
970
970
969
972
968
966
969
970
968
968
970
971
972
972
969
968
965
968
971
970
970
966
969
972
969
971
971
967
969
970
970
971
971
968
970
967
972
968
969
969
968
967
968
969
970
967
968
971
969
971
970
971
972
972
970
968
970
968
969
967
972
970
970
967
969
971
969
970
972
968
971
971
969
970
970
969
967
968
969
965
970
968
971
971
968
972
972
967
969
968
969
970
968
967
969
967
968
970
967
967
966
969
970
968
972
967
967
971
966
969
969
966
970
967
969
966
970
967
967
969
963
965
969
967
968
970
967
969
968
969
968
965
969
967
969
964
970
969
968
968
970
971
972
971
969
971
966
970
969
969
965
968
970
970
970
970
970
968
967
968
969
967
971
968
968
971
972
971
970
968
970
971
971
969
967
972
970
970
971
967
969
967
969
968
969
969
969
970
970
969
966
969
972
970
971
968
971
969
969
970
968
969
970
969
969
967
970
968
970
970
968
968
968
971
969
970
970
970
970
968
969
967
968
969
967
965
967
971
970
971
968
970
971
970
968
971
968
966
966
967
970
971
968
967
968
969
967
971
969
971
971
971
971
967
969
969
968
968
971
968
969
969
966
971
969
964
967
969
969
971
970
971
969
971
970
971
970
966
968
970
968
968
970
967
971
969
969
969
967
969
971
970
968
966
969
970
970
968
970
966
971
968
968
969
971
967
971
967
967
969
968
968
969
970
967
971
970
969
966
968
968
970
971
971
968
969
968
967
972
972
969
971
970
970
969
970
971
972
969
969
970
970
968
968
969
970
967
968
968
970
969
968
970
967
971
972
969
968
969
968
970
966
964
969
968
968
968
969
968
970
969
965
970
969
968
968
966
968
971
968
966
969
966
970
968
969
968
966
970
971
967
968
970
967
971
970
968
970
968
968
970
967
968
969
970
969
969
970
968
968
970
970
968
969
971
971
970
969
970
966
968
968
968
968
968
969
967
970
971
970
972
968
967
970
967
970
972
968
969
970
968
971
963
971
967
969
970
970
969
969
967
970
969
969
