968
970
970
966
966
962
966
970
970
964
972
962
968
964
958
964
964
958
966
948
966
964
966
954
970
962
966
962
966
972
968
966
964
966
966
958
958
954
970
964
970
964
962
966
966
966
962
958
966
968
964
962
958
961
968
964
970
968
970
964
968
964
968
968
972
962
970
966
966
970
970
966
966
968
970
962
966
964
968
966
957
968
958
964
970
958
968
970
966
968
970
964
970
966
966
970
966
968
966
968
964
970
966
972
966
968
964
968
970
966
970
966
968
964
966
958
968
970
964
972
962
968
968
966
966
968
966
966
968
962
968
962
970
968
964
932
966
972
968
970
966
962
964
968
966
964
958
947
964
968
964
962
966
966
966
962
964
962
966
964
968
970
970
966
972
970
972
964
970
962
964
960
966
962
972
962
964
966
962
968
968
966
962
964
966
960
962
970
964
958
970
968
962
964
966
960
970
964
968
962
970
972
962
952
964
960
966
968
966
966
970
966
962
972
970
972
972
970
966
972
970
966
968
964
968
970
962
968
966
966
968
968
966
960
970
968
964
948
970
968
954
960
964
972
962
966
966
966
964
960
927
970
966
960
970
970
962
966
968
952
966
966
968
970
962
970
954
970
968
970
970
970
968
956
968
962
964
970
950
966
958
956
966
968
966
964
960
968
966
970
968
964
972
968
968
964
962
968
963
960
970
966
962
968
966
966
968
946
964
964
972
958
962
964
970
970
970
966
964
966
968
960
962
968
970
970
962
966
968
954
964
968
966
968
968
964
962
966
966
968
968
966
966
964
962
964
950
956
962
962
954
966
932
960
970
964
968
962
962
968
966
968
962
968
966
968
968
966
972
966
972
966
952
964
964
970
968
966
970
966
964
964
968
972
972
970
966
964
968
966
970
966
964
968
970
960
972
964
964
966
970
972
964
968
964
968
968
966
966
970
968
966
970
968
970
962
966
970
952
968
968
964
968
968
966
952
962
964
968
960
966
968
964
970
966
954
972
966
964
968
952
954
954
960
968
966
970
968
972
960
968
964
972
962
958
964
966
968
970
964
956
970
968
960
964
972
960
966
968
966
968
970
966
966
968
964
958
966
970
924
964
972
964
962
966
962
968
968
970
968
970
964
958
964
968
956
970
968
968
968
