960
966
964
966
964
964
962
962
966
964
970
964
970
964
966
968
970
968
956
964
962
964
968
972
958
970
960
966
968
960
968
966
958
970
968
960
966
966
966
964
968
966
970
970
962
968
968
968
966
972
964
960
966
968
964
964
968
970
972
972
966
964
958
964
970
968
968
960
966
972
966
970
970
962
966
968
968
970
970
964
968
962
972
964
966
966
964
962
964
966
968
962
964
970
966
970
968
970
972
972
968
964
968
964
966
962
972
968
968
962
966
970
966
968
972
964
970
970
966
968
968
966
962
964
966
958
968
964
970
970
964
972
972
962
966
964
966
968
964
962
966
962
964
968
962
962
960
966
968
964
972
962
962
970
960
966
966
960
968
962
966
960
968
962
962
966
954
958
966
963
964
968
962
966
964
966
964
958
966
962
966
956
968
966
964
964
968
970
972
970
966
970
960
968
966
966
959
964
968
968
968
968
968
964
962
964
966
962
970
964
964
970
972
970
968
964
968
970
970
966
962
972
968
968
970
962
966
962
966
964
966
966
966
968
968
966
960
966
972
968
970
964
970
966
966
968
964
966
968
966
966
962
968
964
968
968
964
964
964
970
966
968
968
968
968
964
966
962
964
966
963
958
962
970
968
970
964
968
970
968
964
970
964
961
960
962
968
970
964
962
964
966
962
970
966
970
970
970
970
962
966
966
964
964
970
964
966
966
960
970
966
956
962
966
966
970
968
970
966
970
968
970
968
960
964
968
964
964
968
962
970
966
966
966
962
966
970
968
964
960
966
968
968
964
968
960
970
964
964
966
970
962
970
962
962
966
964
964
966
968
962
970
968
966
960
964
964
968
970
970
964
966
964
962
972
972
966
970
968
968
966
968
970
972
966
966
968
968
964
964
966
968
962
964
964
968
966
964
968
962
970
972
966
964
966
964
968
960
956
966
964
964
964
966
964
968
966
958
968
966
964
964
960
964
970
964
960
966
960
968
964
966
964
960
968
970
962
964
968
962
970
968
964
968
964
964
968
962
964
966
968
966
966
968
964
964
968
968
964
966
970
970
968
966
968
960
964
964
964
964
964
966
962
968
970
968
972
964
963
968
962
968
972
964
966
968
964
970
955
970
962
966
968
968
966
966
962
968
966
966
