366
371
368
371
373
363
367
370
376
371
371
376
374
364
376
375
375
377
371
373
371
367
364
371
369
369
368
375
371
373
372
375
367
364
375
374
375
377
377
374
377
374
373
373
375
371
365
375
370
374
372
374
375
373
372
364
370
371
361
362
373
371
365
366
365
366
375
373
366
376
370
373
375
374
380
362
372
368
369
374
375
372
379
364
368
376
365
373
371
374
370
365
368
370
368
376
373
374
372
367
369
379
374
372
373
375
378
372
365
371
366
365
374
369
372
373
366
370
371
370
378
372
373
373
373
371
374
369
374
380
374
375
375
376
369
374
373
362
373
376
372
373
372
373
369
374
362
378
371
376
371
360
373
375
362
370
368
374
362
372
364
364
375
376
372
369
372
374
371
373
371
368
367
368
366
367
378
362
365
370
369
370
364
376
373
370
376
371
372
367
378
371
371
366
359
369
362
365
371
375
369
368
375
376
374
372
370
371
367
375
376
367
372
374
373
374
372
371
359
374
365
375
376
367
371
365
373
375
374
370
372
364
371
370
379
369
371
372
373
362
370
368
377
371
368
370
370
372
372
373
363
372
369
368
374
374
377
375
366
373
374
371
371
372
375
374
371
365
371
372
372
372
370
373
370
371
375
374
374
378
369
365
370
373
377
374
369
371
367
363
366
374
373
374
368
363
371
374
371
371
369
372
373
367
373
376
371
364
370
371
374
372
369
373
374
375
371
365
368
363
368
370
374
367
374
378
366
364
373
368
370
372
367
381
373
365
368
375
374
375
372
366
374
365
374
377
369
366
367
366
373
372
369
362
377
374
368
370
373
369
374
373
372
372
371
365
370
370
369
371
379
372
369
374
373
371
375
366
375
362
362
370
372
367
366
368
367
373
373
371
362
371
377
367
365
363
376
372
364
364
368
368
376
363
374
371
369
370
373
375
373
372
373
375
340
372
373
366
364
375
364
366
371
374
377
367
371
371
368
369
371
371
377
376
372
379
377
369
373
374
367
371
372
368
371
366
373
373
372
373
375
353
371
366
370
374
371
370
368
368
373
367
375
373
375
372
369
374
362
367
361
372
372
376
372
359
374
362
370
377
366
370
372
371
373
371
362
375
368
366
372
377
370
371
373
371
371
361
364
369
