346
362
362
362
362
347
352
358
352
364
358
345
368
362
358
355
352
364
348
340
360
350
344
358
366
352
362
353
360
362
360
356
348
364
355
360
349
364
356
350
358
362
366
346
359
348
366
357
348
354
353
343
360
364
358
357
368
358
349
355
352
350
364
362
358
370
360
358
354
374
369
356
359
359
368
364
346
364
359
360
346
364
355
362
372
360
354
353
350
360
357
354
353
360
362
362
360
355
351
350
372
339
358
347
351
356
358
346
352
358
352
366
355
358
350
366
372
352
347
354
364
356
362
370
348
348
359
354
351
344
355
355
339
358
360
366
360
350
356
366
356
352
362
347
352
353
337
362
368
370
348
352
350
341
350
358
350
354
349
356
358
368
360
358
354
354
351
355
354
344
364
355
370
360
357
358
350
355
355
351
355
362
344
354
368
346
347
356
358
354
352
352
354
352
350
364
361
352
358
354
352
353
352
362
353
357
354
359
361
348
356
354
364
343
350
360
342
355
362
360
348
354
361
352
358
364
366
365
354
368
344
366
368
351
359
349
344
364
360
354
360
348
353
364
356
352
360
346
362
350
352
354
354
360
360
358
358
354
354
337
362
352
366
350
358
362
356
364
360
358
350
358
364
355
349
362
358
345
352
354
356
354
357
356
358
352
350
355
368
352
349
352
354
352
346
356
350
359
359
370
350
353
348
370
362
362
354
366
354
350
358
352
354
361
363
364
360
356
356
364
366
350
356
358
338
352
362
358
353
359
357
354
355
346
353
358
348
358
351
364
353
357
358
342
348
361
360
350
355
348
354
354
360
349
340
352
362
369
356
340
358
356
340
357
358
359
366
357
353
354
355
350
350
357
360
363
370
343
345
352
356
366
358
360
357
358
356
354
368
342
366
360
340
363
352
363
365
353
361
362
366
358
357
358
364
354
368
350
344
360
356
354
354
356
355
362
358
363
350
354
354
362
360
358
358
358
350
356
352
360
352
360
344
348
355
368
363
368
356
357
346
352
350
353
347
360
361
372
358
352
356
346
360
358
360
374
358
363
348
364
341
356
364
354
348
354
358
362
356
368
362
358
348
358
360
353
364
348
358
365
356
366
352
354
350
354
352
366
364
358
351
358
360
357
352
352
356
353
354
360
