348
358
352
358
362
342
351
356
368
358
358
368
364
344
368
366
366
371
358
362
359
350
344
358
354
354
353
366
358
362
360
366
350
344
366
365
366
370
370
364
370
364
362
362
366
358
347
366
356
364
360
364
366
362
361
344
356
358
338
340
362
358
347
349
346
348
366
362
348
368
357
362
366
364
376
341
360
352
354
364
366
361
374
345
352
368
347
362
358
364
356
347
352
356
354
368
362
364
361
351
354
374
364
361
362
366
372
360
347
359
349
346
364
354
361
364
349
357
358
356
372
360
362
362
362
359
364
354
365
376
364
366
366
368
354
364
362
341
362
368
360
362
360
363
354
364
342
372
358
368
358
338
363
366
340
357
355
364
340
361
344
345
366
368
360
354
360
364
358
362
358
354
350
352
348
350
372
340
346
356
354
356
345
368
362
356
368
358
360
351
372
358
358
348
335
355
340
347
358
366
355
352
366
368
364
360
356
358
350
366
368
350
360
364
362
364
360
358
336
365
346
367
368
350
359
347
362
366
364
356
360
345
358
357
374
355
358
360
362
340
357
353
370
358
352
356
356
360
360
363
342
360
355
354
364
364
370
366
348
362
364
358
358
360
366
364
359
346
358
360
361
361
357
362
356
359
366
364
364
372
355
348
356
363
370
364
354
359
350
342
348
365
362
364
352
343
358
364
358
358
355
360
362
351
362
368
358
344
356
358
365
360
355
363
364
366
358
347
352
342
352
356
364
350
364
372
349
345
362
353
356
360
350
378
362
347
352
367
364
366
360
349
364
346
364
371
354
349
351
348
362
360
355
340
370
364
352
356
362
354
364
363
360
360
358
347
356
356
354
358
375
360
354
364
362
358
366
348
366
340
342
357
360
351
348
353
350
362
362
358
343
358
370
350
346
342
368
360
346
345
352
354
368
344
364
359
354
356
362
366
363
360
362
366
296
360
362
348
345
366
344
348
360
364
370
350
358
359
353
354
358
358
370
369
360
374
370
354
362
364
350
358
360
352
358
348
362
363
360
362
366
322
359
349
356
364
358
356
352
352
362
350
366
363
366
360
354
364
340
350
338
360
360
368
361
335
364
340
357
370
348
357
360
358
362
358
340
366
352
349
360
370
356
358
362
358
359
338
344
354
