365
373
373
373
373
365
368
371
368
374
371
364
376
373
371
369
368
374
366
362
372
367
364
371
375
368
373
368
372
373
372
370
366
374
369
371
366
374
370
367
371
373
375
365
371
366
375
370
365
369
368
363
372
374
371
370
376
371
366
369
368
367
374
373
371
377
372
371
369
379
376
370
371
371
376
373
364
374
371
372
365
374
369
373
378
372
369
368
367
372
370
369
368
372
373
373
372
369
367
367
378
361
370
365
367
370
371
365
368
371
368
375
369
371
367
375
378
368
365
369
374
370
373
377
366
366
371
369
367
364
369
369
361
371
372
375
372
367
370
375
370
368
373
365
368
368
360
373
376
377
366
368
367
362
367
371
367
369
366
370
371
376
372
371
369
368
366
369
369
364
374
369
377
372
370
371
367
369
369
367
369
373
364
369
376
365
365
370
371
369
368
368
369
367
367
374
372
368
371
369
368
368
368
373
368
370
369
371
372
366
369
369
374
363
367
372
363
369
373
372
366
369
372
368
371
374
375
374
369
376
364
375
376
367
371
366
363
374
372
369
372
366
368
374
370
368
372
365
373
367
368
369
369
372
372
371
371
369
369
360
373
368
375
367
371
373
370
374
372
371
367
371
374
369
366
373
371
364
368
369
370
369
370
370
371
368
367
369
376
368
366
367
369
368
365
370
367
371
371
377
367
368
365
377
373
373
369
375
369
367
371
368
369
372
373
374
372
369
370
374
375
367
370
371
360
368
373
371
368
371
370
369
369
365
368
371
366
371
367
374
368
370
371
363
366
372
372
367
369
366
369
369
372
366
362
368
373
376
370
362
371
370
362
370
371
371
375
370
368
369
369
367
367
370
372
373
377
362
364
367
370
375
371
372
370
371
370
369
376
363
375
372
361
373
368
373
374
368
372
373
375
371
370
371
374
369
376
367
364
372
370
369
369
370
369
373
371
373
367
369
369
373
372
371
371
370
367
370
368
372
368
371
364
366
369
376
373
376
370
370
365
368
367
368
365
372
372
378
371
368
370
365
372
371
372
379
371
373
366
374
362
370
374
369
366
369
371
373
370
376
373
371
365
371
372
368
374
366
371
374
370
375
368
369
366
368
368
375
374
371
367
371
372
370
367
368
370
368
369
372
